81018
131506
113595
116435
112262
105203
124243
50460
128837
84880
55051
144516
121893
68782
60052
78252
72727
88175
131387
128295
62168
93923
61695
120376
76679
130758
90425
133389
124749
84461
96642
105472
90380
67201
51733
120042
77060
134224
72075
118320
90683
64965
57748
80922
86415
59351
82429
95558
58304
87743
120890
120633
85175
134512
93297
119595
98336
111126
144630
71403
100214
106687
107887
115389
115226
140780
61773
110560
79832
85269
147795
139965
95501
104997
64204
69737
51767
110469
81207
142959
134885
123246
94901
103215
137028
83341
148460
67966
70316
110290
135245
113326
126060
100250
67475
59091
141978
61434
148481
114584
